radian measurement is represented as rad
	rad 	|	cos	|	sin	|	tan
----------------------------------------------------------------------
	0	|	1.0	|	0.0	|	0.0
	15	|	0.966	|	0.259	|	0.268
	30	|	0.866	|	0.5	|	0.577
	45	|	0.707	|	0.707	|	1.0
	60	|	0.5	|	0.866	|	1.732
	75	|	0.259	|	0.966	|	3.732
	90	|	0.0	|	1.0	|	 UN 
	105	|	-0.259	|	0.966	|	-3.732
	120	|	-0.5	|	0.866	|	-1.732
	135	|	-0.707	|	0.707	|	-1.0
	150	|	-0.866	|	0.5	|	-0.577
	165	|	-0.966	|	0.259	|	-0.268
	180	|	-1.0	|	0.0	|	0.0
	195	|	-0.966	|	-0.259	|	0.268
	210	|	-0.866	|	-0.5	|	0.577
	225	|	-0.707	|	-0.707	|	1.0
	240	|	-0.5	|	-0.866	|	1.732
	255	|	-0.259	|	-0.966	|	3.732
	270	|	0.0	|	-1.0	|	 UN 
	285	|	0.259	|	-0.966	|	-3.732
	300	|	0.5	|	-0.866	|	-1.732
	315	|	0.707	|	-0.707	|	-1.0
	330	|	0.866	|	-0.5	|	-0.577
	345	|	0.966	|	-0.259	|	-0.268
	360	|	1.0	|	0.0	|	0.0
	375	|	0.966	|	0.259	|	0.268
	390	|	0.866	|	0.5	|	0.577
	405	|	0.707	|	0.707	|	1.0
	420	|	0.5	|	0.866	|	1.732
	435	|	0.259	|	0.966	|	3.732
	450	|	0.0	|	1.0	|	 UN 
	465	|	-0.259	|	0.966	|	-3.732
	480	|	-0.5	|	0.866	|	-1.732
	495	|	-0.707	|	0.707	|	-1.0
	510	|	-0.866	|	0.5	|	-0.577
	525	|	-0.966	|	0.259	|	-0.268
	540	|	-1.0	|	0.0	|	0.0
	555	|	-0.966	|	-0.259	|	0.268
	570	|	-0.866	|	-0.5	|	0.577
	585	|	-0.707	|	-0.707	|	1.0
	600	|	-0.5	|	-0.866	|	1.732
	615	|	-0.259	|	-0.966	|	3.732
	630	|	0.0	|	-1.0	|	 UN 
	645	|	0.259	|	-0.966	|	-3.732
	660	|	0.5	|	-0.866	|	-1.732
	675	|	0.707	|	-0.707	|	-1.0
	690	|	0.866	|	-0.5	|	-0.577
	705	|	0.966	|	-0.259	|	-0.268
	720	|	1.0	|	0.0	|	0.0
	735	|	0.966	|	0.259	|	0.268
	750	|	0.866	|	0.5	|	0.577
	765	|	0.707	|	0.707	|	1.0
	780	|	0.5	|	0.866	|	1.732
	795	|	0.259	|	0.966	|	3.732
	810	|	0.0	|	1.0	|	 UN 
	825	|	-0.259	|	0.966	|	-3.732
	840	|	-0.5	|	0.866	|	-1.732
	855	|	-0.707	|	0.707	|	-1.0
	870	|	-0.866	|	0.5	|	-0.577
	885	|	-0.966	|	0.259	|	-0.268
	900	|	-1.0	|	0.0	|	0.0
	915	|	-0.966	|	-0.259	|	0.268
	930	|	-0.866	|	-0.5	|	0.577
	945	|	-0.707	|	-0.707	|	1.0
	960	|	-0.5	|	-0.866	|	1.732
	975	|	-0.259	|	-0.966	|	3.732
	990	|	0.0	|	-1.0	|	 UN 
	1005	|	0.259	|	-0.966	|	-3.732
	1020	|	0.5	|	-0.866	|	-1.732
	1035	|	0.707	|	-0.707	|	-1.0
	1050	|	0.866	|	-0.5	|	-0.577
	1065	|	0.966	|	-0.259	|	-0.268
	1080	|	1.0	|	0.0	|	0.0
	1095	|	0.966	|	0.259	|	0.268
	1110	|	0.866	|	0.5	|	0.577
	1125	|	0.707	|	0.707	|	1.0
	1140	|	0.5	|	0.866	|	1.732
	1155	|	0.259	|	0.966	|	3.732
	1170	|	0.0	|	1.0	|	 UN 
	1185	|	-0.259	|	0.966	|	-3.732
	1200	|	-0.5	|	0.866	|	-1.732
	1215	|	-0.707	|	0.707	|	-1.0
	1230	|	-0.866	|	0.5	|	-0.577
	1245	|	-0.966	|	0.259	|	-0.268
	1260	|	-1.0	|	0.0	|	0.0
	1275	|	-0.966	|	-0.259	|	0.268
	1290	|	-0.866	|	-0.5	|	0.577
	1305	|	-0.707	|	-0.707	|	1.0
	1320	|	-0.5	|	-0.866	|	1.732
	1335	|	-0.259	|	-0.966	|	3.732
	1350	|	0.0	|	-1.0	|	 UN 
	1365	|	0.259	|	-0.966	|	-3.732
	1380	|	0.5	|	-0.866	|	-1.732
	1395	|	0.707	|	-0.707	|	-1.0
	1410	|	0.866	|	-0.5	|	-0.577
	1425	|	0.966	|	-0.259	|	-0.268
	1440	|	1.0	|	0.0	|	0.0
	1455	|	0.966	|	0.259	|	0.268
	1470	|	0.866	|	0.5	|	0.577
	1485	|	0.707	|	0.707	|	1.0
	1500	|	0.5	|	0.866	|	1.732
	1515	|	0.259	|	0.966	|	3.732
	1530	|	0.0	|	1.0	|	 UN 
	1545	|	-0.259	|	0.966	|	-3.732
	1560	|	-0.5	|	0.866	|	-1.732
	1575	|	-0.707	|	0.707	|	-1.0
	1590	|	-0.866	|	0.5	|	-0.577
	1605	|	-0.966	|	0.259	|	-0.268
	1620	|	-1.0	|	0.0	|	0.0
	1635	|	-0.966	|	-0.259	|	0.268
	1650	|	-0.866	|	-0.5	|	0.577
	1665	|	-0.707	|	-0.707	|	1.0
	1680	|	-0.5	|	-0.866	|	1.732
	1695	|	-0.259	|	-0.966	|	3.732
	1710	|	0.0	|	-1.0	|	 UN 
	1725	|	0.259	|	-0.966	|	-3.732
	1740	|	0.5	|	-0.866	|	-1.732
	1755	|	0.707	|	-0.707	|	-1.0
	1770	|	0.866	|	-0.5	|	-0.577
	1785	|	0.966	|	-0.259	|	-0.268
	1800	|	1.0	|	0.0	|	0.0
	1815	|	0.966	|	0.259	|	0.268
	1830	|	0.866	|	0.5	|	0.577
	1845	|	0.707	|	0.707	|	1.0
	1860	|	0.5	|	0.866	|	1.732
	1875	|	0.259	|	0.966	|	3.732
	1890	|	0.0	|	1.0	|	 UN 
	1905	|	-0.259	|	0.966	|	-3.732
	1920	|	-0.5	|	0.866	|	-1.732
	1935	|	-0.707	|	0.707	|	-1.0
	1950	|	-0.866	|	0.5	|	-0.577
	1965	|	-0.966	|	0.259	|	-0.268
	1980	|	-1.0	|	0.0	|	0.0
	1995	|	-0.966	|	-0.259	|	0.268
	2010	|	-0.866	|	-0.5	|	0.577
	2025	|	-0.707	|	-0.707	|	1.0
	2040	|	-0.5	|	-0.866	|	1.732
	2055	|	-0.259	|	-0.966	|	3.732
	2070	|	0.0	|	-1.0	|	 UN 
	2085	|	0.259	|	-0.966	|	-3.733
	2100	|	0.5	|	-0.866	|	-1.732
	2115	|	0.707	|	-0.707	|	-1.0
	2130	|	0.866	|	-0.5	|	-0.577
	2145	|	0.966	|	-0.259	|	-0.268
	2160	|	1.0	|	0.0	|	0.0
	2175	|	0.966	|	0.259	|	0.268
	2190	|	0.866	|	0.5	|	0.577
	2205	|	0.707	|	0.707	|	1.0
	2220	|	0.5	|	0.866	|	1.732
	2235	|	0.259	|	0.966	|	3.732
	2250	|	0.0	|	1.0	|	 UN 
	2265	|	-0.259	|	0.966	|	-3.733
	2280	|	-0.5	|	0.866	|	-1.732
	2295	|	-0.707	|	0.707	|	-1.0
	2310	|	-0.866	|	0.5	|	-0.577
	2325	|	-0.966	|	0.259	|	-0.268
	2340	|	-1.0	|	0.0	|	0.0
	2355	|	-0.966	|	-0.259	|	0.268
	2370	|	-0.866	|	-0.5	|	0.577
	2385	|	-0.707	|	-0.707	|	1.0
	2400	|	-0.5	|	-0.866	|	1.732
	2415	|	-0.259	|	-0.966	|	3.732
	2430	|	0.0	|	-1.0	|	 UN 
	2445	|	0.259	|	-0.966	|	-3.733
	2460	|	0.5	|	-0.866	|	-1.732
	2475	|	0.707	|	-0.707	|	-1.0
	2490	|	0.866	|	-0.5	|	-0.577
	2505	|	0.966	|	-0.259	|	-0.268
	2520	|	1.0	|	0.0	|	0.0
	2535	|	0.966	|	0.259	|	0.268
	2550	|	0.866	|	0.5	|	0.577
	2565	|	0.707	|	0.707	|	1.0
	2580	|	0.5	|	0.866	|	1.732
	2595	|	0.259	|	0.966	|	3.731
	2610	|	0.0	|	1.0	|	 UN 
	2625	|	-0.259	|	0.966	|	-3.733
	2640	|	-0.5	|	0.866	|	-1.732
	2655	|	-0.707	|	0.707	|	-1.0
	2670	|	-0.866	|	0.5	|	-0.577
	2685	|	-0.966	|	0.259	|	-0.268
	2700	|	-1.0	|	0.0	|	0.0
	2715	|	-0.966	|	-0.259	|	0.268
	2730	|	-0.866	|	-0.5	|	0.577
	2745	|	-0.707	|	-0.707	|	1.0
	2760	|	-0.5	|	-0.866	|	1.732
	2775	|	-0.259	|	-0.966	|	3.731
	2790	|	0.0	|	-1.0	|	 UN 
	2805	|	0.259	|	-0.966	|	-3.733
	2820	|	0.5	|	-0.866	|	-1.732
	2835	|	0.707	|	-0.707	|	-1.0
	2850	|	0.866	|	-0.5	|	-0.577
	2865	|	0.966	|	-0.259	|	-0.268
	2880	|	1.0	|	0.0	|	0.0
	2895	|	0.966	|	0.259	|	0.268
	2910	|	0.866	|	0.5	|	0.577
	2925	|	0.707	|	0.707	|	1.0
	2940	|	0.5	|	0.866	|	1.732
	2955	|	0.259	|	0.966	|	3.731
	2970	|	0.0	|	1.0	|	 UN 
	2985	|	-0.259	|	0.966	|	-3.733
	3000	|	-0.5	|	0.866	|	-1.732
	3015	|	-0.707	|	0.707	|	-1.0
	3030	|	-0.866	|	0.5	|	-0.577
	3045	|	-0.966	|	0.259	|	-0.268
	3060	|	-1.0	|	0.0	|	0.0
	3075	|	-0.966	|	-0.259	|	0.268
	3090	|	-0.866	|	-0.5	|	0.577
	3105	|	-0.707	|	-0.707	|	1.0
	3120	|	-0.5	|	-0.866	|	1.732
	3135	|	-0.259	|	-0.966	|	3.731
	3150	|	0.0	|	-1.0	|	 UN 
	3165	|	0.259	|	-0.966	|	-3.733
	3180	|	0.5	|	-0.866	|	-1.732
	3195	|	0.707	|	-0.707	|	-1.0
	3210	|	0.866	|	-0.5	|	-0.577
	3225	|	0.966	|	-0.259	|	-0.268
	3240	|	1.0	|	0.0	|	0.0
	3255	|	0.966	|	0.259	|	0.268
	3270	|	0.866	|	0.5	|	0.577
	3285	|	0.707	|	0.707	|	1.0
	3300	|	0.5	|	0.866	|	1.732
	3315	|	0.259	|	0.966	|	3.731
	3330	|	0.0	|	1.0	|	 UN 
	3345	|	-0.259	|	0.966	|	-3.733
	3360	|	-0.5	|	0.866	|	-1.732
	3375	|	-0.707	|	0.707	|	-1.0
	3390	|	-0.866	|	0.5	|	-0.577
	3405	|	-0.966	|	0.259	|	-0.268
	3420	|	-1.0	|	0.0	|	0.0
	3435	|	-0.966	|	-0.259	|	0.268
	3450	|	-0.866	|	-0.5	|	0.577
	3465	|	-0.707	|	-0.707	|	1.0
	3480	|	-0.5	|	-0.866	|	1.732
	3495	|	-0.259	|	-0.966	|	3.731
	3510	|	0.0	|	-1.0	|	 UN 
	3525	|	0.259	|	-0.966	|	-3.733
	3540	|	0.5	|	-0.866	|	-1.732
	3555	|	0.707	|	-0.707	|	-1.0
	3570	|	0.866	|	-0.5	|	-0.577
	3585	|	0.966	|	-0.259	|	-0.268
	3600	|	1.0	|	0.0	|	0.0
	3615	|	0.966	|	0.259	|	0.268
	3630	|	0.866	|	0.5	|	0.577
	3645	|	0.707	|	0.707	|	1.0
	3660	|	0.5	|	0.866	|	1.732
	3675	|	0.259	|	0.966	|	3.731
	3690	|	0.0	|	1.0	|	 UN 
	3705	|	-0.259	|	0.966	|	-3.733
	3720	|	-0.5	|	0.866	|	-1.732
	3735	|	-0.707	|	0.707	|	-1.0
	3750	|	-0.866	|	0.5	|	-0.577
	3765	|	-0.966	|	0.259	|	-0.268
	3780	|	-1.0	|	0.0	|	0.0
	3795	|	-0.966	|	-0.259	|	0.268
	3810	|	-0.866	|	-0.5	|	0.577
	3825	|	-0.707	|	-0.707	|	1.0
	3840	|	-0.5	|	-0.866	|	1.732
	3855	|	-0.259	|	-0.966	|	3.731
	3870	|	0.0	|	-1.0	|	 UN 
	3885	|	0.259	|	-0.966	|	-3.733
	3900	|	0.5	|	-0.866	|	-1.732
	3915	|	0.707	|	-0.707	|	-1.0
	3930	|	0.866	|	-0.5	|	-0.577
	3945	|	0.966	|	-0.259	|	-0.268
	3960	|	1.0	|	0.0	|	0.0
	3975	|	0.966	|	0.259	|	0.268
	3990	|	0.866	|	0.5	|	0.577
	4005	|	0.707	|	0.707	|	1.0
	4020	|	0.5	|	0.866	|	1.732
	4035	|	0.259	|	0.966	|	3.731
	4050	|	0.0	|	1.0	|	 UN 
	4065	|	-0.259	|	0.966	|	-3.733
	4080	|	-0.5	|	0.866	|	-1.732
	4095	|	-0.707	|	0.707	|	-1.0
	4110	|	-0.866	|	0.5	|	-0.577
	4125	|	-0.966	|	0.259	|	-0.268
	4140	|	-1.0	|	0.0	|	0.0
	4155	|	-0.966	|	-0.259	|	0.268
	4170	|	-0.866	|	-0.5	|	0.577
	4185	|	-0.707	|	-0.707	|	1.0
	4200	|	-0.5	|	-0.866	|	1.732
	4215	|	-0.259	|	-0.966	|	3.731
	4230	|	0.0	|	-1.0	|	 UN 
	4245	|	0.259	|	-0.966	|	-3.733
	4260	|	0.5	|	-0.866	|	-1.732
	4275	|	0.707	|	-0.707	|	-1.0
	4290	|	0.866	|	-0.5	|	-0.577
	4305	|	0.966	|	-0.259	|	-0.268
	4320	|	1.0	|	0.0	|	0.0
	4335	|	0.966	|	0.259	|	0.268
	4350	|	0.866	|	0.5	|	0.577
	4365	|	0.707	|	0.707	|	1.0
	4380	|	0.5	|	0.866	|	1.732
	4395	|	0.259	|	0.966	|	3.731
	4410	|	0.0	|	1.0	|	 UN 
	4425	|	-0.259	|	0.966	|	-3.733
	4440	|	-0.5	|	0.866	|	-1.732
	4455	|	-0.707	|	0.707	|	-1.0
	4470	|	-0.866	|	0.5	|	-0.577
	4485	|	-0.966	|	0.259	|	-0.268
	4500	|	-1.0	|	0.0	|	0.0
	4515	|	-0.966	|	-0.259	|	0.268
	4530	|	-0.866	|	-0.5	|	0.577
	4545	|	-0.707	|	-0.707	|	1.0
	4560	|	-0.5	|	-0.866	|	1.732
	4575	|	-0.259	|	-0.966	|	3.731
	4590	|	0.0	|	-1.0	|	 UN 
	4605	|	0.259	|	-0.966	|	-3.733
	4620	|	0.5	|	-0.866	|	-1.732
	4635	|	0.707	|	-0.707	|	-1.0
	4650	|	0.866	|	-0.5	|	-0.577
	4665	|	0.966	|	-0.259	|	-0.268
	4680	|	1.0	|	0.0	|	0.0
	4695	|	0.966	|	0.259	|	0.268
	4710	|	0.866	|	0.5	|	0.577
	4725	|	0.707	|	0.707	|	1.0
	4740	|	0.5	|	0.866	|	1.732
	4755	|	0.259	|	0.966	|	3.731
	4770	|	0.0	|	1.0	|	 UN 
	4785	|	-0.259	|	0.966	|	-3.733
	4800	|	-0.5	|	0.866	|	-1.732
	4815	|	-0.707	|	0.707	|	-1.0
	4830	|	-0.866	|	0.5	|	-0.577
	4845	|	-0.966	|	0.259	|	-0.268
	4860	|	-1.0	|	0.0	|	0.0
	4875	|	-0.966	|	-0.259	|	0.268
	4890	|	-0.866	|	-0.5	|	0.577
	4905	|	-0.707	|	-0.707	|	1.0
	4920	|	-0.5	|	-0.866	|	1.732
	4935	|	-0.259	|	-0.966	|	3.731
	4950	|	0.0	|	-1.0	|	 UN 
	4965	|	0.259	|	-0.966	|	-3.733
	4980	|	0.5	|	-0.866	|	-1.732
	4995	|	0.707	|	-0.707	|	-1.0
	5010	|	0.866	|	-0.5	|	-0.577
	5025	|	0.966	|	-0.259	|	-0.268
	5040	|	1.0	|	0.0	|	0.0
	5055	|	0.966	|	0.259	|	0.268
	5070	|	0.866	|	0.5	|	0.577
	5085	|	0.707	|	0.707	|	1.0
	5100	|	0.5	|	0.866	|	1.732
	5115	|	0.259	|	0.966	|	3.731
	5130	|	0.0	|	1.0	|	 UN 
	5145	|	-0.259	|	0.966	|	-3.733
	5160	|	-0.5	|	0.866	|	-1.732
	5175	|	-0.707	|	0.707	|	-1.0
	5190	|	-0.866	|	0.5	|	-0.577
	5205	|	-0.966	|	0.259	|	-0.268
	5220	|	-1.0	|	0.0	|	0.0
	5235	|	-0.966	|	-0.259	|	0.268
	5250	|	-0.866	|	-0.5	|	0.577
	5265	|	-0.707	|	-0.707	|	1.0
	5280	|	-0.5	|	-0.866	|	1.732
	5295	|	-0.259	|	-0.966	|	3.731
	5310	|	0.0	|	-1.0	|	 UN 
	5325	|	0.259	|	-0.966	|	-3.733
	5340	|	0.5	|	-0.866	|	-1.732
	5355	|	0.707	|	-0.707	|	-1.0
	5370	|	0.866	|	-0.5	|	-0.577
	5385	|	0.966	|	-0.259	|	-0.268
	5400	|	1.0	|	0.0	|	0.0
	5415	|	0.966	|	0.259	|	0.268
	5430	|	0.866	|	0.5	|	0.577
	5445	|	0.707	|	0.707	|	1.0
	5460	|	0.5	|	0.866	|	1.732
	5475	|	0.259	|	0.966	|	3.731
	5490	|	0.0	|	1.0	|	 UN 
	5505	|	-0.259	|	0.966	|	-3.733
	5520	|	-0.5	|	0.866	|	-1.732
	5535	|	-0.707	|	0.707	|	-1.0
	5550	|	-0.866	|	0.5	|	-0.577
	5565	|	-0.966	|	0.259	|	-0.268
	5580	|	-1.0	|	0.0	|	0.0
	5595	|	-0.966	|	-0.259	|	0.268
	5610	|	-0.866	|	-0.5	|	0.577
	5625	|	-0.707	|	-0.707	|	1.0
	5640	|	-0.5	|	-0.866	|	1.732
	5655	|	-0.259	|	-0.966	|	3.731
	5670	|	0.0	|	-1.0	|	 UN 
	5685	|	0.259	|	-0.966	|	-3.733
	5700	|	0.5	|	-0.866	|	-1.732
	5715	|	0.707	|	-0.707	|	-1.0
	5730	|	0.866	|	-0.5	|	-0.577
	5745	|	0.966	|	-0.259	|	-0.268
	5760	|	1.0	|	0.0	|	0.0
	5775	|	0.966	|	0.259	|	0.268
	5790	|	0.866	|	0.5	|	0.577
	5805	|	0.707	|	0.707	|	1.0
	5820	|	0.5	|	0.866	|	1.732
	5835	|	0.259	|	0.966	|	3.731
	5850	|	0.0	|	1.0	|	 UN 
	5865	|	-0.259	|	0.966	|	-3.733
	5880	|	-0.5	|	0.866	|	-1.732
	5895	|	-0.707	|	0.707	|	-1.0
	5910	|	-0.866	|	0.5	|	-0.577
	5925	|	-0.966	|	0.259	|	-0.268
	5940	|	-1.0	|	0.0	|	0.0
	5955	|	-0.966	|	-0.259	|	0.268
	5970	|	-0.866	|	-0.5	|	0.577
	5985	|	-0.707	|	-0.707	|	1.0
	6000	|	-0.5	|	-0.866	|	1.732
	6015	|	-0.259	|	-0.966	|	3.731
	6030	|	0.0	|	-1.0	|	 UN 
	6045	|	0.259	|	-0.966	|	-3.733
	6060	|	0.5	|	-0.866	|	-1.732
	6075	|	0.707	|	-0.707	|	-1.0
	6090	|	0.866	|	-0.5	|	-0.577
	6105	|	0.966	|	-0.259	|	-0.268
	6120	|	1.0	|	0.0	|	0.0
	6135	|	0.966	|	0.259	|	0.268
	6150	|	0.866	|	0.5	|	0.577
	6165	|	0.707	|	0.707	|	1.0
	6180	|	0.5	|	0.866	|	1.732
	6195	|	0.259	|	0.966	|	3.731
	6210	|	0.0	|	1.0	|	 UN 
	6225	|	-0.259	|	0.966	|	-3.733
	6240	|	-0.5	|	0.866	|	-1.732
	6255	|	-0.707	|	0.707	|	-1.0
	6270	|	-0.866	|	0.5	|	-0.577
	6285	|	-0.966	|	0.259	|	-0.268
	6300	|	-1.0	|	0.0	|	0.0
	6315	|	-0.966	|	-0.259	|	0.268
	6330	|	-0.866	|	-0.5	|	0.577
	6345	|	-0.707	|	-0.707	|	1.0
	6360	|	-0.5	|	-0.866	|	1.732
	6375	|	-0.259	|	-0.966	|	3.731
	6390	|	0.0	|	-1.0	|	 UN 
	6405	|	0.259	|	-0.966	|	-3.733
	6420	|	0.5	|	-0.866	|	-1.732
	6435	|	0.707	|	-0.707	|	-1.0
	6450	|	0.866	|	-0.5	|	-0.577
	6465	|	0.966	|	-0.259	|	-0.268
	6480	|	1.0	|	0.0	|	0.0
	6495	|	0.966	|	0.259	|	0.268
	6510	|	0.866	|	0.5	|	0.577
	6525	|	0.707	|	0.707	|	1.0
	6540	|	0.5	|	0.866	|	1.732
	6555	|	0.259	|	0.966	|	3.731
	6570	|	0.0	|	1.0	|	 UN 
	6585	|	-0.259	|	0.966	|	-3.734
	6600	|	-0.5	|	0.866	|	-1.732
	6615	|	-0.707	|	0.707	|	-1.0
	6630	|	-0.866	|	0.5	|	-0.577
	6645	|	-0.966	|	0.259	|	-0.268
	6660	|	-1.0	|	0.0	|	0.0
	6675	|	-0.966	|	-0.259	|	0.268
	6690	|	-0.866	|	-0.5	|	0.577
	6705	|	-0.707	|	-0.707	|	1.0
	6720	|	-0.5	|	-0.866	|	1.732
	6735	|	-0.259	|	-0.966	|	3.731
	6750	|	0.0	|	-1.0	|	 UN 
	6765	|	0.259	|	-0.966	|	-3.734
	6780	|	0.5	|	-0.866	|	-1.732
	6795	|	0.707	|	-0.707	|	-1.0
	6810	|	0.866	|	-0.5	|	-0.577
	6825	|	0.966	|	-0.259	|	-0.268
	6840	|	1.0	|	0.0	|	0.0
	6855	|	0.966	|	0.259	|	0.268
	6870	|	0.866	|	0.5	|	0.577
	6885	|	0.707	|	0.707	|	1.0
	6900	|	0.5	|	0.866	|	1.732
	6915	|	0.259	|	0.966	|	3.731
	6930	|	0.0	|	1.0	|	 UN 
	6945	|	-0.259	|	0.966	|	-3.734
	6960	|	-0.5	|	0.866	|	-1.732
	6975	|	-0.707	|	0.707	|	-1.0
	6990	|	-0.866	|	0.5	|	-0.577
	7005	|	-0.966	|	0.259	|	-0.268
	7020	|	-1.0	|	0.0	|	0.0
	7035	|	-0.966	|	-0.259	|	0.268
	7050	|	-0.866	|	-0.5	|	0.577
	7065	|	-0.707	|	-0.707	|	1.0
	7080	|	-0.5	|	-0.866	|	1.732
	7095	|	-0.259	|	-0.966	|	3.73
	7110	|	0.0	|	-1.0	|	 UN 
	7125	|	0.259	|	-0.966	|	-3.734
	7140	|	0.5	|	-0.866	|	-1.732
	7155	|	0.707	|	-0.707	|	-1.0
	7170	|	0.866	|	-0.5	|	-0.577
	7185	|	0.966	|	-0.259	|	-0.268
	7200	|	1.0	|	0.0	|	0.0
	7215	|	0.966	|	0.259	|	0.268
	7230	|	0.866	|	0.5	|	0.577
	7245	|	0.707	|	0.707	|	1.0
	7260	|	0.5	|	0.866	|	1.732
	7275	|	0.259	|	0.966	|	3.73
	7290	|	0.0	|	1.0	|	 UN 
	7305	|	-0.259	|	0.966	|	-3.734
	7320	|	-0.5	|	0.866	|	-1.732
	7335	|	-0.707	|	0.707	|	-1.0
	7350	|	-0.866	|	0.5	|	-0.577
	7365	|	-0.966	|	0.259	|	-0.268
	7380	|	-1.0	|	0.0	|	0.0
	7395	|	-0.966	|	-0.259	|	0.268
	7410	|	-0.866	|	-0.5	|	0.577
	7425	|	-0.707	|	-0.707	|	1.0
	7440	|	-0.5	|	-0.866	|	1.732
	7455	|	-0.259	|	-0.966	|	3.73
	7470	|	0.0	|	-1.0	|	 UN 
	7485	|	0.259	|	-0.966	|	-3.734
	7500	|	0.5	|	-0.866	|	-1.732
	7515	|	0.707	|	-0.707	|	-1.0
	7530	|	0.866	|	-0.5	|	-0.577
	7545	|	0.966	|	-0.259	|	-0.268
	7560	|	1.0	|	0.0	|	0.0
	7575	|	0.966	|	0.259	|	0.268
	7590	|	0.866	|	0.5	|	0.577
	7605	|	0.707	|	0.707	|	1.0
	7620	|	0.5	|	0.866	|	1.732
	7635	|	0.259	|	0.966	|	3.73
	7650	|	0.0	|	1.0	|	 UN 
	7665	|	-0.259	|	0.966	|	-3.734
	7680	|	-0.5	|	0.866	|	-1.733
	7695	|	-0.707	|	0.707	|	-1.0
	7710	|	-0.866	|	0.5	|	-0.578
	7725	|	-0.966	|	0.259	|	-0.268
	7740	|	-1.0	|	0.0	|	0.0
	7755	|	-0.966	|	-0.259	|	0.268
	7770	|	-0.866	|	-0.5	|	0.577
	7785	|	-0.707	|	-0.707	|	1.0
	7800	|	-0.5	|	-0.866	|	1.732
	7815	|	-0.259	|	-0.966	|	3.73
	7830	|	0.0	|	-1.0	|	 UN 
	7845	|	0.259	|	-0.966	|	-3.734
	7860	|	0.5	|	-0.866	|	-1.733
	7875	|	0.707	|	-0.707	|	-1.0
	7890	|	0.866	|	-0.5	|	-0.578
	7905	|	0.966	|	-0.259	|	-0.268
	7920	|	1.0	|	0.0	|	0.0
	7935	|	0.966	|	0.259	|	0.268
	7950	|	0.866	|	0.5	|	0.577
	7965	|	0.707	|	0.707	|	1.0
	7980	|	0.5	|	0.866	|	1.732
	7995	|	0.259	|	0.966	|	3.73
	8010	|	0.0	|	1.0	|	 UN 
	8025	|	-0.259	|	0.966	|	-3.734
	8040	|	-0.5	|	0.866	|	-1.733
	8055	|	-0.707	|	0.707	|	-1.0
	8070	|	-0.866	|	0.5	|	-0.578
	8085	|	-0.966	|	0.259	|	-0.268
	8100	|	-1.0	|	0.0	|	0.0
	8115	|	-0.966	|	-0.259	|	0.268
	8130	|	-0.866	|	-0.5	|	0.577
	8145	|	-0.707	|	-0.707	|	1.0
	8160	|	-0.5	|	-0.866	|	1.732
	8175	|	-0.259	|	-0.966	|	3.73
	8190	|	0.0	|	-1.0	|	 UN 
	8205	|	0.259	|	-0.966	|	-3.734
	8220	|	0.5	|	-0.866	|	-1.733
	8235	|	0.707	|	-0.707	|	-1.0
	8250	|	0.866	|	-0.5	|	-0.578
	8265	|	0.966	|	-0.259	|	-0.268
	8280	|	1.0	|	0.0	|	0.0
	8295	|	0.966	|	0.259	|	0.268
	8310	|	0.866	|	0.5	|	0.577
	8325	|	0.707	|	0.707	|	1.0
	8340	|	0.5	|	0.866	|	1.732
	8355	|	0.259	|	0.966	|	3.73
	8370	|	0.0	|	1.0	|	 UN 
	8385	|	-0.259	|	0.966	|	-3.734
	8400	|	-0.5	|	0.866	|	-1.733
	8415	|	-0.707	|	0.707	|	-1.0
	8430	|	-0.866	|	0.5	|	-0.578
	8445	|	-0.966	|	0.259	|	-0.268
	8460	|	-1.0	|	0.0	|	0.0
	8475	|	-0.966	|	-0.259	|	0.268
	8490	|	-0.866	|	-0.5	|	0.577
	8505	|	-0.707	|	-0.707	|	1.0
	8520	|	-0.5	|	-0.866	|	1.732
	8535	|	-0.259	|	-0.966	|	3.73
	8550	|	0.0	|	-1.0	|	 UN 
	8565	|	0.259	|	-0.966	|	-3.734
	8580	|	0.5	|	-0.866	|	-1.733
	8595	|	0.707	|	-0.707	|	-1.0
	8610	|	0.866	|	-0.5	|	-0.578
	8625	|	0.966	|	-0.259	|	-0.268
	8640	|	1.0	|	0.0	|	0.0
	8655	|	0.966	|	0.259	|	0.268
	8670	|	0.866	|	0.5	|	0.577
	8685	|	0.707	|	0.707	|	1.0
	8700	|	0.5	|	0.866	|	1.732
	8715	|	0.259	|	0.966	|	3.73
	8730	|	0.0	|	1.0	|	 UN 
	8745	|	-0.259	|	0.966	|	-3.734
	8760	|	-0.5	|	0.866	|	-1.733
	8775	|	-0.707	|	0.707	|	-1.0
	8790	|	-0.866	|	0.5	|	-0.578
	8805	|	-0.966	|	0.259	|	-0.268
	8820	|	-1.0	|	0.0	|	0.0
	8835	|	-0.966	|	-0.259	|	0.268
	8850	|	-0.866	|	-0.5	|	0.577
	8865	|	-0.707	|	-0.707	|	1.0
	8880	|	-0.5	|	-0.866	|	1.732
	8895	|	-0.259	|	-0.966	|	3.73
	8910	|	0.0	|	-1.0	|	 UN 
	8925	|	0.259	|	-0.966	|	-3.734
	8940	|	0.5	|	-0.866	|	-1.733
	8955	|	0.707	|	-0.707	|	-1.0
	8970	|	0.866	|	-0.5	|	-0.578
	8985	|	0.966	|	-0.259	|	-0.268
	9000	|	1.0	|	0.0	|	0.0
	9015	|	0.966	|	0.259	|	0.268
	9030	|	0.866	|	0.5	|	0.577
	9045	|	0.707	|	0.707	|	1.0
	9060	|	0.5	|	0.866	|	1.732
	9075	|	0.259	|	0.966	|	3.73
	9090	|	0.0	|	1.0	|	 UN 
	9105	|	-0.259	|	0.966	|	-3.734
	9120	|	-0.5	|	0.866	|	-1.733
	9135	|	-0.707	|	0.707	|	-1.0
	9150	|	-0.866	|	0.5	|	-0.578
	9165	|	-0.966	|	0.259	|	-0.268
	9180	|	-1.0	|	0.0	|	0.0
	9195	|	-0.966	|	-0.259	|	0.268
	9210	|	-0.866	|	-0.5	|	0.577
	9225	|	-0.707	|	-0.707	|	1.0
	9240	|	-0.5	|	-0.866	|	1.732
	9255	|	-0.259	|	-0.966	|	3.73
	9270	|	0.0	|	-1.0	|	 UN 
	9285	|	0.259	|	-0.966	|	-3.734
	9300	|	0.5	|	-0.866	|	-1.733
	9315	|	0.707	|	-0.707	|	-1.0
	9330	|	0.866	|	-0.5	|	-0.578
	9345	|	0.966	|	-0.259	|	-0.268
	9360	|	1.0	|	0.0	|	0.0
	9375	|	0.966	|	0.259	|	0.268
	9390	|	0.866	|	0.5	|	0.577
	9405	|	0.707	|	0.707	|	1.0
	9420	|	0.5	|	0.866	|	1.731
	9435	|	0.259	|	0.966	|	3.73
	9450	|	0.0	|	1.0	|	 UN 
	9465	|	-0.259	|	0.966	|	-3.734
	9480	|	-0.5	|	0.866	|	-1.733
	9495	|	-0.707	|	0.707	|	-1.0
	9510	|	-0.866	|	0.5	|	-0.578
	9525	|	-0.966	|	0.259	|	-0.268
	9540	|	-1.0	|	0.0	|	0.0
	9555	|	-0.966	|	-0.259	|	0.268
	9570	|	-0.866	|	-0.5	|	0.577
	9585	|	-0.707	|	-0.707	|	1.0
	9600	|	-0.5	|	-0.866	|	1.731
	9615	|	-0.259	|	-0.966	|	3.73
	9630	|	0.0	|	-1.0	|	 UN 
	9645	|	0.259	|	-0.966	|	-3.734
	9660	|	0.5	|	-0.866	|	-1.733
	9675	|	0.707	|	-0.707	|	-1.0
	9690	|	0.866	|	-0.5	|	-0.578
	9705	|	0.966	|	-0.259	|	-0.268
	9720	|	1.0	|	0.0	|	0.0
	9735	|	0.966	|	0.259	|	0.268
	9750	|	0.866	|	0.5	|	0.577
	9765	|	0.707	|	0.707	|	1.0
	9780	|	0.5	|	0.866	|	1.731
	9795	|	0.259	|	0.966	|	3.73
	9810	|	0.0	|	1.0	|	 UN 
	9825	|	-0.259	|	0.966	|	-3.734
	9840	|	-0.5	|	0.866	|	-1.733
	9855	|	-0.707	|	0.707	|	-1.0
	9870	|	-0.866	|	0.5	|	-0.578
	9885	|	-0.966	|	0.259	|	-0.268
	9900	|	-1.0	|	0.0	|	0.0
	9915	|	-0.966	|	-0.259	|	0.268
	9930	|	-0.866	|	-0.5	|	0.577
	9945	|	-0.707	|	-0.707	|	1.0
	9960	|	-0.5	|	-0.866	|	1.731
	9975	|	-0.259	|	-0.966	|	3.73
	9990	|	0.0	|	-1.0	|	 UN 
	10005	|	0.259	|	-0.966	|	-3.734
	10020	|	0.5	|	-0.866	|	-1.733
	10035	|	0.707	|	-0.707	|	-1.0
	10050	|	0.866	|	-0.5	|	-0.578
	10065	|	0.966	|	-0.259	|	-0.268
	10080	|	1.0	|	0.0	|	0.0
	10095	|	0.966	|	0.259	|	0.268
	10110	|	0.866	|	0.5	|	0.577
	10125	|	0.707	|	0.707	|	1.0
	10140	|	0.5	|	0.866	|	1.731
	10155	|	0.259	|	0.966	|	3.73
	10170	|	0.0	|	1.0	|	 UN 
	10185	|	-0.259	|	0.966	|	-3.734
	10200	|	-0.5	|	0.866	|	-1.733
	10215	|	-0.707	|	0.707	|	-1.0
	10230	|	-0.866	|	0.5	|	-0.578
	10245	|	-0.966	|	0.259	|	-0.268
	10260	|	-1.0	|	0.0	|	0.0
	10275	|	-0.966	|	-0.259	|	0.268
	10290	|	-0.866	|	-0.5	|	0.577
	10305	|	-0.707	|	-0.707	|	1.0
	10320	|	-0.5	|	-0.866	|	1.731
	10335	|	-0.259	|	-0.966	|	3.73
	10350	|	0.0	|	-1.0	|	 UN 
	10365	|	0.259	|	-0.966	|	-3.734
	10380	|	0.5	|	-0.866	|	-1.733
	10395	|	0.707	|	-0.707	|	-1.0
	10410	|	0.866	|	-0.5	|	-0.578
	10425	|	0.966	|	-0.259	|	-0.268
	10440	|	1.0	|	0.0	|	0.0
	10455	|	0.966	|	0.259	|	0.268
	10470	|	0.866	|	0.5	|	0.577
	10485	|	0.707	|	0.707	|	1.0
	10500	|	0.5	|	0.866	|	1.731
	10515	|	0.259	|	0.966	|	3.73
	10530	|	0.0	|	1.0	|	 UN 
	10545	|	-0.259	|	0.966	|	-3.734
	10560	|	-0.5	|	0.866	|	-1.733
	10575	|	-0.707	|	0.707	|	-1.0
	10590	|	-0.866	|	0.5	|	-0.578
	10605	|	-0.966	|	0.259	|	-0.268
	10620	|	-1.0	|	0.0	|	0.0
	10635	|	-0.966	|	-0.259	|	0.268
	10650	|	-0.866	|	-0.5	|	0.577
	10665	|	-0.707	|	-0.707	|	1.0
	10680	|	-0.5	|	-0.866	|	1.731
	10695	|	-0.259	|	-0.966	|	3.73
	10710	|	0.0	|	-1.0	|	 UN 
	10725	|	0.259	|	-0.966	|	-3.734
	10740	|	0.5	|	-0.866	|	-1.733
	10755	|	0.707	|	-0.707	|	-1.0
	10770	|	0.866	|	-0.5	|	-0.578
	10785	|	0.966	|	-0.259	|	-0.268
	10800	|	1.0	|	0.0	|	0.0
	10815	|	0.966	|	0.259	|	0.268
	10830	|	0.866	|	0.5	|	0.577
	10845	|	0.707	|	0.707	|	1.0
	10860	|	0.5	|	0.866	|	1.731
	10875	|	0.259	|	0.966	|	3.73
	10890	|	0.0	|	1.0	|	 UN 
	10905	|	-0.259	|	0.966	|	-3.734
	10920	|	-0.5	|	0.866	|	-1.733
	10935	|	-0.707	|	0.707	|	-1.0
	10950	|	-0.866	|	0.5	|	-0.578
	10965	|	-0.966	|	0.259	|	-0.268
	10980	|	-1.0	|	0.0	|	0.0
	10995	|	-0.966	|	-0.259	|	0.268
	11010	|	-0.866	|	-0.5	|	0.577
	11025	|	-0.707	|	-0.707	|	1.0
	11040	|	-0.5	|	-0.866	|	1.731
	11055	|	-0.259	|	-0.966	|	3.73
	11070	|	0.0	|	-1.0	|	 UN 
	11085	|	0.259	|	-0.966	|	-3.734
	11100	|	0.5	|	-0.866	|	-1.733
	11115	|	0.707	|	-0.707	|	-1.0
	11130	|	0.866	|	-0.5	|	-0.578
	11145	|	0.966	|	-0.259	|	-0.268
	11160	|	1.0	|	0.0	|	0.0
	11175	|	0.966	|	0.259	|	0.268
	11190	|	0.866	|	0.5	|	0.577
	11205	|	0.707	|	0.707	|	1.0
	11220	|	0.5	|	0.866	|	1.731
	11235	|	0.259	|	0.966	|	3.73
	11250	|	0.0	|	1.0	|	 UN 
	11265	|	-0.259	|	0.966	|	-3.735
	11280	|	-0.5	|	0.866	|	-1.733
	11295	|	-0.707	|	0.707	|	-1.0
	11310	|	-0.866	|	0.5	|	-0.578
	11325	|	-0.966	|	0.259	|	-0.268
	11340	|	-1.0	|	0.0	|	0.0
	11355	|	-0.966	|	-0.259	|	0.268
	11370	|	-0.866	|	-0.5	|	0.577
	11385	|	-0.707	|	-0.707	|	1.0
	11400	|	-0.5	|	-0.866	|	1.731
	11415	|	-0.259	|	-0.966	|	3.73
	11430	|	0.0	|	-1.0	|	 UN 
	11445	|	0.259	|	-0.966	|	-3.735
	11460	|	0.5	|	-0.866	|	-1.733
	11475	|	0.707	|	-0.707	|	-1.0
	11490	|	0.866	|	-0.5	|	-0.578
	11505	|	0.966	|	-0.259	|	-0.268
	11520	|	1.0	|	0.0	|	0.0
	11535	|	0.966	|	0.259	|	0.268
	11550	|	0.866	|	0.5	|	0.577
	11565	|	0.707	|	0.707	|	1.0
	11580	|	0.5	|	0.866	|	1.731
	11595	|	0.259	|	0.966	|	3.73
	11610	|	0.0	|	1.0	|	 UN 
	11625	|	-0.259	|	0.966	|	-3.735
	11640	|	-0.5	|	0.866	|	-1.733
	11655	|	-0.707	|	0.707	|	-1.0
	11670	|	-0.866	|	0.5	|	-0.578
	11685	|	-0.966	|	0.259	|	-0.268
	11700	|	-1.0	|	0.0	|	0.0
	11715	|	-0.966	|	-0.259	|	0.268
	11730	|	-0.866	|	-0.5	|	0.577
	11745	|	-0.707	|	-0.707	|	1.0
	11760	|	-0.5	|	-0.866	|	1.731
	11775	|	-0.259	|	-0.966	|	3.729
	11790	|	0.0	|	-1.0	|	 UN 
	11805	|	0.259	|	-0.966	|	-3.735
	11820	|	0.5	|	-0.866	|	-1.733
	11835	|	0.707	|	-0.707	|	-1.0
	11850	|	0.866	|	-0.5	|	-0.578
	11865	|	0.966	|	-0.259	|	-0.268
	11880	|	1.0	|	0.0	|	0.0
	11895	|	0.966	|	0.259	|	0.268
	11910	|	0.866	|	0.5	|	0.577
	11925	|	0.707	|	0.707	|	1.0
	11940	|	0.5	|	0.866	|	1.731
	11955	|	0.259	|	0.966	|	3.729
	11970	|	0.0	|	1.0	|	 UN 
	11985	|	-0.259	|	0.966	|	-3.735
	12000	|	-0.5	|	0.866	|	-1.733
	12015	|	-0.707	|	0.707	|	-1.0
	12030	|	-0.866	|	0.5	|	-0.578
	12045	|	-0.966	|	0.259	|	-0.268
	12060	|	-1.0	|	0.0	|	0.0
	12075	|	-0.966	|	-0.259	|	0.268
	12090	|	-0.866	|	-0.5	|	0.577
	12105	|	-0.707	|	-0.707	|	1.0
	12120	|	-0.5	|	-0.866	|	1.731
	12135	|	-0.259	|	-0.966	|	3.729
	12150	|	0.0	|	-1.0	|	 UN 
	12165	|	0.259	|	-0.966	|	-3.735
	12180	|	0.5	|	-0.866	|	-1.733
	12195	|	0.707	|	-0.707	|	-1.0
	12210	|	0.866	|	-0.5	|	-0.578
	12225	|	0.966	|	-0.259	|	-0.268
	12240	|	1.0	|	0.0	|	0.0
	12255	|	0.966	|	0.259	|	0.268
	12270	|	0.866	|	0.5	|	0.577
	12285	|	0.707	|	0.707	|	1.0
	12300	|	0.5	|	0.866	|	1.731
	12315	|	0.259	|	0.966	|	3.729
	12330	|	0.0	|	1.0	|	 UN 
	12345	|	-0.259	|	0.966	|	-3.735
	12360	|	-0.5	|	0.866	|	-1.733
	12375	|	-0.707	|	0.707	|	-1.0
	12390	|	-0.866	|	0.5	|	-0.578
	12405	|	-0.966	|	0.259	|	-0.268
	12420	|	-1.0	|	0.0	|	0.0
	12435	|	-0.966	|	-0.259	|	0.268
	12450	|	-0.866	|	-0.5	|	0.577
	12465	|	-0.707	|	-0.707	|	1.0
	12480	|	-0.5	|	-0.866	|	1.731
	12495	|	-0.259	|	-0.966	|	3.729
	12510	|	0.0	|	-1.0	|	 UN 
	12525	|	0.259	|	-0.966	|	-3.735
	12540	|	0.5	|	-0.866	|	-1.733
	12555	|	0.707	|	-0.707	|	-1.0
	12570	|	0.866	|	-0.5	|	-0.578
	12585	|	0.966	|	-0.259	|	-0.268
	12600	|	1.0	|	0.0	|	0.0
	12615	|	0.966	|	0.259	|	0.268
	12630	|	0.866	|	0.5	|	0.577
	12645	|	0.707	|	0.707	|	1.0
	12660	|	0.5	|	0.866	|	1.731
	12675	|	0.259	|	0.966	|	3.729
	12690	|	0.0	|	1.0	|	 UN 
	12705	|	-0.259	|	0.966	|	-3.735
	12720	|	-0.5	|	0.866	|	-1.733
	12735	|	-0.707	|	0.707	|	-1.0
	12750	|	-0.866	|	0.5	|	-0.578
	12765	|	-0.966	|	0.259	|	-0.268
	12780	|	-1.0	|	0.0	|	0.0
	12795	|	-0.966	|	-0.259	|	0.268
	12810	|	-0.866	|	-0.5	|	0.577
	12825	|	-0.707	|	-0.707	|	1.0
	12840	|	-0.5	|	-0.866	|	1.731
	12855	|	-0.259	|	-0.966	|	3.729
	12870	|	0.0	|	-1.0	|	 UN 
	12885	|	0.259	|	-0.966	|	-3.735
	12900	|	0.5	|	-0.866	|	-1.733
	12915	|	0.707	|	-0.707	|	-1.0
	12930	|	0.866	|	-0.5	|	-0.578
	12945	|	0.966	|	-0.259	|	-0.268
	12960	|	1.0	|	0.0	|	0.0
	12975	|	0.966	|	0.259	|	0.268
	12990	|	0.866	|	0.5	|	0.577
	13005	|	0.707	|	0.707	|	1.0
	13020	|	0.5	|	0.866	|	1.731
	13035	|	0.259	|	0.966	|	3.729
	13050	|	0.0	|	1.0	|	 UN 
	13065	|	-0.259	|	0.966	|	-3.735
	13080	|	-0.5	|	0.866	|	-1.733
	13095	|	-0.707	|	0.707	|	-1.0
	13110	|	-0.866	|	0.5	|	-0.578
	13125	|	-0.966	|	0.259	|	-0.268
	13140	|	-1.0	|	0.0	|	0.0
	13155	|	-0.966	|	-0.259	|	0.268
	13170	|	-0.866	|	-0.5	|	0.577
	13185	|	-0.707	|	-0.707	|	1.0
	13200	|	-0.5	|	-0.866	|	1.731
	13215	|	-0.259	|	-0.966	|	3.729
	13230	|	0.0	|	-1.0	|	 UN 
	13245	|	0.259	|	-0.966	|	-3.735
	13260	|	0.5	|	-0.866	|	-1.733
	13275	|	0.707	|	-0.707	|	-1.0
	13290	|	0.866	|	-0.5	|	-0.578
	13305	|	0.966	|	-0.259	|	-0.268
	13320	|	1.0	|	0.0	|	0.0
	13335	|	0.966	|	0.259	|	0.268
	13350	|	0.866	|	0.5	|	0.577
	13365	|	0.707	|	0.707	|	1.0
	13380	|	0.5	|	0.866	|	1.731
	13395	|	0.259	|	0.966	|	3.729
	13410	|	0.0	|	1.0	|	 UN 
	13425	|	-0.259	|	0.966	|	-3.735
	13440	|	-0.5	|	0.866	|	-1.733
	13455	|	-0.707	|	0.707	|	-1.0
	13470	|	-0.866	|	0.5	|	-0.578
	13485	|	-0.966	|	0.259	|	-0.268
	13500	|	-1.0	|	0.0	|	0.0
	13515	|	-0.966	|	-0.259	|	0.268
	13530	|	-0.866	|	-0.5	|	0.577
	13545	|	-0.707	|	-0.707	|	1.0
	13560	|	-0.5	|	-0.866	|	1.731
	13575	|	-0.259	|	-0.966	|	3.729
	13590	|	0.0	|	-1.0	|	 UN 
	13605	|	0.259	|	-0.966	|	-3.735
	13620	|	0.5	|	-0.866	|	-1.733
	13635	|	0.707	|	-0.707	|	-1.0
	13650	|	0.866	|	-0.5	|	-0.578
	13665	|	0.966	|	-0.259	|	-0.268
	13680	|	1.0	|	0.0	|	0.0
	13695	|	0.966	|	0.259	|	0.268
	13710	|	0.866	|	0.5	|	0.577
	13725	|	0.707	|	0.707	|	1.0
	13740	|	0.5	|	0.866	|	1.731
	13755	|	0.259	|	0.966	|	3.729
	13770	|	0.0	|	1.0	|	 UN 
	13785	|	-0.259	|	0.966	|	-3.735
	13800	|	-0.5	|	0.866	|	-1.733
	13815	|	-0.707	|	0.707	|	-1.0
	13830	|	-0.866	|	0.5	|	-0.578
	13845	|	-0.966	|	0.259	|	-0.268
	13860	|	-1.0	|	0.0	|	0.0
	13875	|	-0.966	|	-0.259	|	0.268
	13890	|	-0.866	|	-0.5	|	0.577
	13905	|	-0.707	|	-0.707	|	1.0
	13920	|	-0.5	|	-0.866	|	1.731
	13935	|	-0.259	|	-0.966	|	3.729
	13950	|	0.0	|	-1.0	|	 UN 
	13965	|	0.259	|	-0.966	|	-3.735
	13980	|	0.5	|	-0.866	|	-1.733
	13995	|	0.707	|	-0.707	|	-1.0
	14010	|	0.866	|	-0.5	|	-0.578
	14025	|	0.966	|	-0.259	|	-0.268
	14040	|	1.0	|	0.0	|	0.0
	14055	|	0.966	|	0.259	|	0.268
	14070	|	0.866	|	0.5	|	0.577
	14085	|	0.707	|	0.707	|	1.0
	14100	|	0.5	|	0.866	|	1.731
	14115	|	0.259	|	0.966	|	3.729
	14130	|	0.0	|	1.0	|	 UN 
	14145	|	-0.259	|	0.966	|	-3.735
	14160	|	-0.5	|	0.866	|	-1.733
	14175	|	-0.707	|	0.707	|	-1.0
	14190	|	-0.866	|	0.5	|	-0.578
	14205	|	-0.966	|	0.259	|	-0.268
	14220	|	-1.0	|	0.0	|	0.0
	14235	|	-0.966	|	-0.259	|	0.268
	14250	|	-0.866	|	-0.5	|	0.577
	14265	|	-0.707	|	-0.707	|	1.0
	14280	|	-0.5	|	-0.866	|	1.731
	14295	|	-0.259	|	-0.966	|	3.729
	14310	|	0.0	|	-1.0	|	 UN 
	14325	|	0.259	|	-0.966	|	-3.735
	14340	|	0.5	|	-0.866	|	-1.733
	14355	|	0.707	|	-0.707	|	-1.0
	14370	|	0.866	|	-0.5	|	-0.578
	14385	|	0.966	|	-0.259	|	-0.268
	14400	|	1.0	|	0.0	|	0.0
	14415	|	0.966	|	0.259	|	0.268
	14430	|	0.866	|	0.5	|	0.577
	14445	|	0.707	|	0.707	|	1.0
	14460	|	0.5	|	0.866	|	1.731
	14475	|	0.259	|	0.966	|	3.729
	14490	|	0.0	|	1.0	|	 UN 
	14505	|	-0.259	|	0.966	|	-3.735
	14520	|	-0.5	|	0.866	|	-1.733
	14535	|	-0.707	|	0.707	|	-1.0
	14550	|	-0.866	|	0.5	|	-0.578
	14565	|	-0.966	|	0.259	|	-0.268
	14580	|	-1.0	|	0.0	|	0.0
	14595	|	-0.966	|	-0.259	|	0.268
	14610	|	-0.866	|	-0.5	|	0.577
	14625	|	-0.707	|	-0.707	|	1.0
	14640	|	-0.5	|	-0.866	|	1.731
	14655	|	-0.259	|	-0.966	|	3.729
	14670	|	0.0	|	-1.0	|	 UN 
	14685	|	0.259	|	-0.966	|	-3.735
	14700	|	0.5	|	-0.866	|	-1.733
	14715	|	0.707	|	-0.707	|	-1.0
	14730	|	0.866	|	-0.5	|	-0.578
	14745	|	0.966	|	-0.259	|	-0.268
	14760	|	1.0	|	0.0	|	0.0
	14775	|	0.966	|	0.259	|	0.268
	14790	|	0.866	|	0.5	|	0.577
	14805	|	0.707	|	0.707	|	1.0
	14820	|	0.5	|	0.866	|	1.731
	14835	|	0.259	|	0.966	|	3.729
	14850	|	0.0	|	1.0	|	 UN 
	14865	|	-0.259	|	0.966	|	-3.735
	14880	|	-0.5	|	0.866	|	-1.733
	14895	|	-0.707	|	0.707	|	-1.0
	14910	|	-0.866	|	0.5	|	-0.578
	14925	|	-0.966	|	0.259	|	-0.268
	14940	|	-1.0	|	0.0	|	0.0
	14955	|	-0.966	|	-0.259	|	0.268
	14970	|	-0.866	|	-0.5	|	0.577
	14985	|	-0.707	|	-0.707	|	1.0
	15000	|	-0.5	|	-0.866	|	1.731
	15015	|	-0.259	|	-0.966	|	3.729
	15030	|	0.0	|	-1.0	|	 UN 
	15045	|	0.259	|	-0.966	|	-3.735
	15060	|	0.5	|	-0.866	|	-1.733
	15075	|	0.707	|	-0.707	|	-1.0
	15090	|	0.866	|	-0.5	|	-0.578
	15105	|	0.966	|	-0.259	|	-0.268
	15120	|	1.0	|	0.0	|	0.0
	15135	|	0.966	|	0.259	|	0.268
	15150	|	0.866	|	0.5	|	0.577
	15165	|	0.707	|	0.707	|	1.0
	15180	|	0.5	|	0.866	|	1.731
	15195	|	0.259	|	0.966	|	3.729
	15210	|	0.0	|	1.0	|	 UN 
	15225	|	-0.259	|	0.966	|	-3.735
	15240	|	-0.5	|	0.866	|	-1.733
	15255	|	-0.707	|	0.707	|	-1.0
	15270	|	-0.866	|	0.5	|	-0.578
	15285	|	-0.966	|	0.259	|	-0.268
	15300	|	-1.0	|	0.0	|	0.0
	15315	|	-0.966	|	-0.259	|	0.268
	15330	|	-0.866	|	-0.5	|	0.577
	15345	|	-0.707	|	-0.707	|	1.0
	15360	|	-0.5	|	-0.866	|	1.731
	15375	|	-0.259	|	-0.966	|	3.729
	15390	|	0.0	|	-1.0	|	 UN 
	15405	|	0.259	|	-0.966	|	-3.735
	15420	|	0.5	|	-0.866	|	-1.733
	15435	|	0.707	|	-0.707	|	-1.0
	15450	|	0.866	|	-0.5	|	-0.578
	15465	|	0.966	|	-0.259	|	-0.268
	15480	|	1.0	|	0.0	|	0.0
	15495	|	0.966	|	0.259	|	0.268
	15510	|	0.866	|	0.5	|	0.577
	15525	|	0.707	|	0.707	|	1.0
	15540	|	0.5	|	0.866	|	1.731
	15555	|	0.259	|	0.966	|	3.729
	15570	|	0.0	|	1.0	|	 UN 
	15585	|	-0.259	|	0.966	|	-3.735
	15600	|	-0.5	|	0.866	|	-1.733
	15615	|	-0.707	|	0.707	|	-1.0
	15630	|	-0.866	|	0.5	|	-0.578
	15645	|	-0.966	|	0.259	|	-0.268
	15660	|	-1.0	|	0.0	|	0.0
	15675	|	-0.966	|	-0.259	|	0.268
	15690	|	-0.866	|	-0.5	|	0.577
	15705	|	-0.707	|	-0.707	|	1.0
	15720	|	-0.5	|	-0.866	|	1.731
	15735	|	-0.259	|	-0.966	|	3.729
	15750	|	0.0	|	-1.0	|	 UN 
	15765	|	0.259	|	-0.966	|	-3.736
	15780	|	0.5	|	-0.866	|	-1.733
	15795	|	0.707	|	-0.707	|	-1.0
	15810	|	0.866	|	-0.5	|	-0.578
	15825	|	0.966	|	-0.259	|	-0.268
	15840	|	1.0	|	0.0	|	0.0
	15855	|	0.966	|	0.259	|	0.268
	15870	|	0.866	|	0.5	|	0.577
	15885	|	0.707	|	0.707	|	1.0
	15900	|	0.5	|	0.866	|	1.731
	15915	|	0.259	|	0.966	|	3.729
	15930	|	0.0	|	1.0	|	 UN 
	15945	|	-0.259	|	0.966	|	-3.736
	15960	|	-0.5	|	0.866	|	-1.733
	15975	|	-0.707	|	0.707	|	-1.0
	15990	|	-0.866	|	0.5	|	-0.578
	16005	|	-0.966	|	0.259	|	-0.268
	16020	|	-1.0	|	0.0	|	0.0
	16035	|	-0.966	|	-0.259	|	0.268
	16050	|	-0.866	|	-0.5	|	0.577
	16065	|	-0.707	|	-0.707	|	1.0
	16080	|	-0.5	|	-0.866	|	1.731
	16095	|	-0.259	|	-0.966	|	3.729
	16110	|	0.0	|	-1.0	|	 UN 
	16125	|	0.259	|	-0.966	|	-3.736
	16140	|	0.5	|	-0.866	|	-1.733
	16155	|	0.707	|	-0.707	|	-1.0
	16170	|	0.866	|	-0.5	|	-0.578
	16185	|	0.966	|	-0.259	|	-0.268
	16200	|	1.0	|	0.0	|	0.0
	16215	|	0.966	|	0.259	|	0.268
	16230	|	0.866	|	0.5	|	0.577
	16245	|	0.707	|	0.707	|	1.0
	16260	|	0.5	|	0.866	|	1.731
	16275	|	0.259	|	0.966	|	3.728
	16290	|	0.0	|	1.0	|	 UN 
	16305	|	-0.259	|	0.966	|	-3.736
	16320	|	-0.5	|	0.866	|	-1.733
	16335	|	-0.707	|	0.707	|	-1.0
	16350	|	-0.866	|	0.5	|	-0.578
	16365	|	-0.966	|	0.259	|	-0.268
	16380	|	-1.0	|	0.0	|	0.0
	16395	|	-0.966	|	-0.259	|	0.268
	16410	|	-0.866	|	-0.5	|	0.577
	16425	|	-0.707	|	-0.707	|	1.0
	16440	|	-0.5	|	-0.866	|	1.731
	16455	|	-0.259	|	-0.966	|	3.728
	16470	|	0.0	|	-1.0	|	 UN 
	16485	|	0.259	|	-0.966	|	-3.736
	16500	|	0.5	|	-0.866	|	-1.733
	16515	|	0.707	|	-0.707	|	-1.0
	16530	|	0.866	|	-0.5	|	-0.578
	16545	|	0.966	|	-0.259	|	-0.268
	16560	|	1.0	|	0.0	|	0.0
	16575	|	0.966	|	0.259	|	0.268
	16590	|	0.866	|	0.5	|	0.577
	16605	|	0.707	|	0.707	|	1.0
	16620	|	0.5	|	0.866	|	1.731
	16635	|	0.259	|	0.966	|	3.728
	16650	|	0.0	|	1.0	|	 UN 
	16665	|	-0.259	|	0.966	|	-3.736
	16680	|	-0.5	|	0.866	|	-1.733
	16695	|	-0.707	|	0.707	|	-1.0
	16710	|	-0.866	|	0.5	|	-0.578
	16725	|	-0.966	|	0.259	|	-0.268
	16740	|	-1.0	|	0.0	|	0.0
	16755	|	-0.966	|	-0.259	|	0.268
	16770	|	-0.866	|	-0.5	|	0.577
	16785	|	-0.707	|	-0.707	|	1.0
	16800	|	-0.5	|	-0.866	|	1.731
	16815	|	-0.259	|	-0.966	|	3.728
	16830	|	0.0	|	-1.0	|	 UN 
	16845	|	0.259	|	-0.966	|	-3.736
	16860	|	0.5	|	-0.866	|	-1.733
	16875	|	0.707	|	-0.707	|	-1.0
	16890	|	0.866	|	-0.5	|	-0.578
	16905	|	0.966	|	-0.259	|	-0.268
	16920	|	1.0	|	0.0	|	0.0
	16935	|	0.966	|	0.259	|	0.268
	16950	|	0.866	|	0.5	|	0.577
	16965	|	0.707	|	0.707	|	0.999
	16980	|	0.5	|	0.866	|	1.731
	16995	|	0.259	|	0.966	|	3.728
	17010	|	0.0	|	1.0	|	 UN 
	17025	|	-0.259	|	0.966	|	-3.736
	17040	|	-0.5	|	0.866	|	-1.733
	17055	|	-0.707	|	0.707	|	-1.001
	17070	|	-0.866	|	0.5	|	-0.578
	17085	|	-0.966	|	0.259	|	-0.268
	17100	|	-1.0	|	0.0	|	0.0
	17115	|	-0.966	|	-0.259	|	0.268
	17130	|	-0.866	|	-0.5	|	0.577
	17145	|	-0.707	|	-0.707	|	0.999
	17160	|	-0.5	|	-0.866	|	1.731
	17175	|	-0.259	|	-0.966	|	3.728
	17190	|	0.0	|	-1.0	|	 UN 
	17205	|	0.259	|	-0.966	|	-3.736
	17220	|	0.5	|	-0.866	|	-1.733
	17235	|	0.707	|	-0.707	|	-1.001
	17250	|	0.866	|	-0.5	|	-0.578
	17265	|	0.966	|	-0.259	|	-0.268
	17280	|	1.0	|	0.0	|	0.0
	17295	|	0.966	|	0.259	|	0.268
	17310	|	0.866	|	0.5	|	0.577
	17325	|	0.707	|	0.707	|	0.999
	17340	|	0.5	|	0.866	|	1.731
	17355	|	0.259	|	0.966	|	3.728
	17370	|	0.0	|	1.0	|	 UN 
	17385	|	-0.259	|	0.966	|	-3.736
	17400	|	-0.5	|	0.866	|	-1.733
	17415	|	-0.707	|	0.707	|	-1.001
	17430	|	-0.866	|	0.5	|	-0.578
	17445	|	-0.966	|	0.259	|	-0.268
	17460	|	-1.0	|	0.0	|	0.0
	17475	|	-0.966	|	-0.259	|	0.268
	17490	|	-0.866	|	-0.5	|	0.577
	17505	|	-0.707	|	-0.707	|	0.999
	17520	|	-0.5	|	-0.866	|	1.731
	17535	|	-0.259	|	-0.966	|	3.728
	17550	|	0.0	|	-1.0	|	 UN 
	17565	|	0.259	|	-0.966	|	-3.736
	17580	|	0.5	|	-0.866	|	-1.733
	17595	|	0.707	|	-0.707	|	-1.001
	17610	|	0.866	|	-0.5	|	-0.578
	17625	|	0.966	|	-0.259	|	-0.268
	17640	|	1.0	|	0.0	|	0.0
	17655	|	0.966	|	0.259	|	0.268
	17670	|	0.866	|	0.5	|	0.577
	17685	|	0.707	|	0.707	|	0.999
	17700	|	0.5	|	0.866	|	1.731
	17715	|	0.259	|	0.966	|	3.728
	17730	|	0.0	|	1.0	|	 UN 
	17745	|	-0.259	|	0.966	|	-3.736
	17760	|	-0.5	|	0.866	|	-1.733
	17775	|	-0.707	|	0.707	|	-1.001
	17790	|	-0.866	|	0.5	|	-0.578
	17805	|	-0.966	|	0.259	|	-0.268
	17820	|	-1.0	|	0.0	|	0.0
	17835	|	-0.966	|	-0.259	|	0.268
	17850	|	-0.866	|	-0.5	|	0.577
	17865	|	-0.707	|	-0.707	|	0.999
	17880	|	-0.5	|	-0.866	|	1.731
	17895	|	-0.259	|	-0.966	|	3.728
	17910	|	0.0	|	-1.0	|	 UN 
	17925	|	0.259	|	-0.966	|	-3.736
	17940	|	0.5	|	-0.866	|	-1.733
	17955	|	0.707	|	-0.707	|	-1.001
	17970	|	0.866	|	-0.5	|	-0.578
	17985	|	0.966	|	-0.259	|	-0.268
	18000	|	1.0	|	0.0	|	0.0
	18015	|	0.966	|	0.259	|	0.268
	18030	|	0.866	|	0.5	|	0.577
	18045	|	0.707	|	0.707	|	0.999
	18060	|	0.5	|	0.866	|	1.731
	18075	|	0.259	|	0.966	|	3.728
	18090	|	0.0	|	1.0	|	 UN 
	18105	|	-0.259	|	0.966	|	-3.736
	18120	|	-0.5	|	0.866	|	-1.733
	18135	|	-0.707	|	0.707	|	-1.001
	18150	|	-0.866	|	0.5	|	-0.578
	18165	|	-0.966	|	0.259	|	-0.268
	18180	|	-1.0	|	0.0	|	0.0
	18195	|	-0.966	|	-0.259	|	0.268
	18210	|	-0.866	|	-0.5	|	0.577
	18225	|	-0.707	|	-0.707	|	0.999
	18240	|	-0.5	|	-0.866	|	1.731
	18255	|	-0.259	|	-0.966	|	3.728
	18270	|	0.0	|	-1.0	|	 UN 
	18285	|	0.259	|	-0.966	|	-3.736
	18300	|	0.5	|	-0.866	|	-1.733
	18315	|	0.707	|	-0.707	|	-1.001
	18330	|	0.866	|	-0.5	|	-0.578
	18345	|	0.966	|	-0.259	|	-0.268
	18360	|	1.0	|	0.0	|	0.0
	18375	|	0.966	|	0.259	|	0.268
	18390	|	0.866	|	0.5	|	0.577
	18405	|	0.707	|	0.707	|	0.999
	18420	|	0.5	|	0.866	|	1.731
	18435	|	0.259	|	0.966	|	3.728
	18450	|	0.0	|	1.0	|	 UN 
	18465	|	-0.259	|	0.966	|	-3.736
	18480	|	-0.5	|	0.866	|	-1.733
	18495	|	-0.707	|	0.707	|	-1.001
	18510	|	-0.866	|	0.5	|	-0.578
	18525	|	-0.966	|	0.259	|	-0.268
	18540	|	-1.0	|	0.0	|	0.0
	18555	|	-0.966	|	-0.259	|	0.268
	18570	|	-0.866	|	-0.5	|	0.577
	18585	|	-0.707	|	-0.707	|	0.999
	18600	|	-0.5	|	-0.866	|	1.731
	18615	|	-0.259	|	-0.966	|	3.728
	18630	|	0.0	|	-1.0	|	 UN 
	18645	|	0.259	|	-0.966	|	-3.736
	18660	|	0.5	|	-0.866	|	-1.733
	18675	|	0.707	|	-0.707	|	-1.001
	18690	|	0.866	|	-0.5	|	-0.578
	18705	|	0.966	|	-0.259	|	-0.268
	18720	|	1.0	|	0.0	|	0.0
	18735	|	0.966	|	0.259	|	0.268
	18750	|	0.866	|	0.5	|	0.577
	18765	|	0.707	|	0.707	|	0.999
	18780	|	0.5	|	0.866	|	1.731
	18795	|	0.259	|	0.966	|	3.728
	18810	|	0.0	|	1.0	|	 UN 
	18825	|	-0.259	|	0.966	|	-3.736
	18840	|	-0.5	|	0.866	|	-1.733
	18855	|	-0.707	|	0.707	|	-1.001
	18870	|	-0.866	|	0.5	|	-0.578
	18885	|	-0.966	|	0.259	|	-0.268
	18900	|	-1.0	|	0.0	|	0.0
	18915	|	-0.966	|	-0.259	|	0.268
	18930	|	-0.866	|	-0.5	|	0.577
	18945	|	-0.707	|	-0.707	|	0.999
	18960	|	-0.5	|	-0.866	|	1.731
	18975	|	-0.259	|	-0.966	|	3.728
	18990	|	0.0	|	-1.0	|	 UN 
	19005	|	0.259	|	-0.966	|	-3.736
	19020	|	0.5	|	-0.866	|	-1.733
	19035	|	0.707	|	-0.707	|	-1.001
	19050	|	0.866	|	-0.5	|	-0.578
	19065	|	0.966	|	-0.259	|	-0.268
	19080	|	1.0	|	0.0	|	0.0
	19095	|	0.966	|	0.259	|	0.268
	19110	|	0.866	|	0.5	|	0.577
	19125	|	0.707	|	0.707	|	0.999
	19140	|	0.5	|	0.866	|	1.731
	19155	|	0.259	|	0.966	|	3.728
	19170	|	0.0	|	1.0	|	 UN 
	19185	|	-0.259	|	0.966	|	-3.736
	19200	|	-0.5	|	0.866	|	-1.733
	19215	|	-0.707	|	0.707	|	-1.001
	19230	|	-0.866	|	0.5	|	-0.578
	19245	|	-0.966	|	0.259	|	-0.268
	19260	|	-1.0	|	0.0	|	0.0
	19275	|	-0.966	|	-0.259	|	0.268
	19290	|	-0.866	|	-0.5	|	0.577
	19305	|	-0.707	|	-0.707	|	0.999
	19320	|	-0.5	|	-0.866	|	1.731
	19335	|	-0.259	|	-0.966	|	3.728
	19350	|	0.0	|	-1.0	|	 UN 
	19365	|	0.259	|	-0.966	|	-3.736
	19380	|	0.5	|	-0.866	|	-1.733
	19395	|	0.707	|	-0.707	|	-1.001
	19410	|	0.866	|	-0.5	|	-0.578
	19425	|	0.966	|	-0.259	|	-0.268
	19440	|	1.0	|	0.0	|	0.0
	19455	|	0.966	|	0.259	|	0.268
	19470	|	0.866	|	0.5	|	0.577
	19485	|	0.707	|	0.707	|	0.999
	19500	|	0.5	|	0.866	|	1.731
	19515	|	0.259	|	0.966	|	3.728
	19530	|	0.0	|	1.0	|	 UN 
	19545	|	-0.259	|	0.966	|	-3.736
	19560	|	-0.5	|	0.866	|	-1.733
	19575	|	-0.707	|	0.707	|	-1.001
	19590	|	-0.866	|	0.5	|	-0.578
	19605	|	-0.966	|	0.259	|	-0.268
	19620	|	-1.0	|	0.0	|	0.0
	19635	|	-0.966	|	-0.259	|	0.268
	19650	|	-0.866	|	-0.5	|	0.577
	19665	|	-0.707	|	-0.707	|	0.999
	19680	|	-0.5	|	-0.866	|	1.731
	19695	|	-0.259	|	-0.966	|	3.728
	19710	|	0.0	|	-1.0	|	 UN 
	19725	|	0.259	|	-0.966	|	-3.736
	19740	|	0.5	|	-0.866	|	-1.733
	19755	|	0.707	|	-0.707	|	-1.001
	19770	|	0.866	|	-0.5	|	-0.578
	19785	|	0.966	|	-0.259	|	-0.268
	19800	|	1.0	|	0.0	|	0.0
	19815	|	0.966	|	0.259	|	0.268
	19830	|	0.866	|	0.5	|	0.577
	19845	|	0.707	|	0.707	|	0.999
	19860	|	0.5	|	0.866	|	1.731
	19875	|	0.259	|	0.966	|	3.728
	19890	|	0.0	|	1.0	|	 UN 
	19905	|	-0.259	|	0.966	|	-3.736
	19920	|	-0.5	|	0.866	|	-1.733
	19935	|	-0.707	|	0.707	|	-1.001
	19950	|	-0.866	|	0.5	|	-0.578
	19965	|	-0.966	|	0.259	|	-0.268
	19980	|	-1.0	|	0.0	|	0.0
	19995	|	-0.966	|	-0.259	|	0.268
	20010	|	-0.866	|	-0.5	|	0.577
	20025	|	-0.707	|	-0.707	|	0.999
	20040	|	-0.5	|	-0.866	|	1.731
	20055	|	-0.259	|	-0.966	|	3.728
	20070	|	0.0	|	-1.0	|	 UN 
	20085	|	0.259	|	-0.966	|	-3.736
	20100	|	0.5	|	-0.866	|	-1.733
	20115	|	0.707	|	-0.707	|	-1.001
	20130	|	0.866	|	-0.5	|	-0.578
	20145	|	0.966	|	-0.259	|	-0.268
	20160	|	1.0	|	0.0	|	0.0
	20175	|	0.966	|	0.259	|	0.268
	20190	|	0.866	|	0.5	|	0.577
	20205	|	0.707	|	0.707	|	0.999
	20220	|	0.5	|	0.866	|	1.731
	20235	|	0.259	|	0.966	|	3.728
	20250	|	0.0	|	1.0	|	 UN 
	20265	|	-0.259	|	0.966	|	-3.737
	20280	|	-0.5	|	0.866	|	-1.733
	20295	|	-0.707	|	0.707	|	-1.001
	20310	|	-0.866	|	0.5	|	-0.578
	20325	|	-0.966	|	0.259	|	-0.268
	20340	|	-1.0	|	0.0	|	0.0
	20355	|	-0.966	|	-0.259	|	0.268
	20370	|	-0.866	|	-0.5	|	0.577
	20385	|	-0.707	|	-0.707	|	0.999
	20400	|	-0.5	|	-0.866	|	1.731
	20415	|	-0.259	|	-0.966	|	3.728
	20430	|	0.0	|	-1.0	|	 UN 
	20445	|	0.259	|	-0.966	|	-3.737
	20460	|	0.5	|	-0.866	|	-1.733
	20475	|	0.707	|	-0.707	|	-1.001
	20490	|	0.866	|	-0.5	|	-0.578
	20505	|	0.966	|	-0.259	|	-0.268
	20520	|	1.0	|	0.0	|	0.0
	20535	|	0.966	|	0.259	|	0.268
	20550	|	0.866	|	0.5	|	0.577
	20565	|	0.707	|	0.707	|	0.999
	20580	|	0.5	|	0.866	|	1.731
	20595	|	0.259	|	0.966	|	3.728
	20610	|	0.0	|	1.0	|	 UN 
	20625	|	-0.259	|	0.966	|	-3.737
	20640	|	-0.5	|	0.866	|	-1.733
